m_k£º
[4421.05322265625, 0, 1162.998413085938;
 0, 4421.248046875, 1025.336303710938;
 0, 0, 1]

m_discoeff£º
[-0.02824991214573975, -0.2789341871102366, -0.0008377421762702593, -0.0005841858310224029, 5.011718222322219]

m_conner_group_num£º
11

m_rotMatrix0£º
[0.9485810310530824, -0.249719168858764, -0.1945105761411425;
 0.2495111717853317, 0.9680234827292357, -0.02597521971171308;
 0.1947773156211517, -0.02389296108164934, 0.9805564357701034]

m_transMatrix0£º
[-105.72021;
 -52.943558;
 547.8576]

m_rotMatrix1£º
[0.9360527076885814, -0.3229705319770656, -0.1396257995619953;
 0.230052355403607, 0.8620158700641298, -0.4516686324406796;
 0.2662353135895532, 0.3906644023097477, 0.881192420851337]

m_transMatrix1£º
[-116.02972;
 -37.451538;
 585.80621]

m_rotMatrix2£º
[0.9427958619625835, 0.3167514637210199, -0.1039445664612657;
 -0.3290968521817201, 0.8345455974813014, -0.4418471541253384;
 -0.05320925248781617, 0.4507794981531091, 0.8910480455590029]

m_transMatrix2£º
[-133.99088;
 -4.766839;
 636.56061]

m_rotMatrix3£º
[0.3576925164439463, 0.9280262193267337, -0.1040355704657141;
 -0.8421765896786237, 0.2724397988649423, -0.4653118822808128;
 -0.4034781970283902, 0.2540549000443785, 0.8790116337604188]

m_transMatrix3£º
[-100.73378;
 80.425972;
 715.52173]

m_rotMatrix4£º
[0.7455153032935433, -0.6098219609595327, -0.2689314196716448;
 0.6609505029386876, 0.6245530169515309, 0.416026395414806;
 -0.08574010275379892, -0.4879044014437776, 0.8686759636547779]

m_transMatrix4£º
[-94.687988;
 -92.739853;
 739.21893]

m_rotMatrix5£º
[0.9743951742429769, -0.1147738393375336, -0.1933416929059031;
 0.1873726206274465, 0.8898072997671609, 0.4160943045996627;
 0.1242801088316289, -0.4416672221082248, 0.8885294139554427]

m_transMatrix5£º
[-128.86835;
 -22.123529;
 749.12946]

m_rotMatrix6£º
[0.8493981240465438, -0.3824144147351106, -0.3637059832735982;
 0.5035676371754912, 0.7935099723651361, 0.3417039047868398;
 0.1579318259747063, -0.4733932183289952, 0.8665774051891795]

m_transMatrix6£º
[-93.155052;
 -72.900787;
 669.677]

m_rotMatrix7£º
[-0.2943314700540552, -0.9504922894490558, -0.09966641075964838;
 0.8309476019909406, -0.2029973219836369, -0.517994372568831;
 0.4721176426287456, -0.2352796101776858, 0.8495577888250522]

m_transMatrix7£º
[43.78091;
 -48.13475;
 565.26587]

m_rotMatrix8£º
[0.3202772414594214, -0.9085038007534441, -0.2684088907240031;
 0.8384078797137173, 0.4037414169284136, -0.3661490072232696;
 0.4410155505615335, -0.1077669349716478, 0.8910059325782991]

m_transMatrix8£º
[-15.038248;
 -84.767891;
 558.39624]

m_rotMatrix9£º
[0.9794195660995272, 0.06488984067476741, -0.191119392314378;
 -0.05376730200519638, 0.9965752541948061, 0.06282388050446844;
 0.1945414885737637, -0.05125496369875823, 0.9795542547096322]

m_transMatrix9£º
[-116.19195;
 -14.856659;
 599.47382]

m_rotMatrix10£º
[0.8344505119543769, -0.4655674275991435, -0.2948547328054857;
 0.381721774451906, 0.8742122185678279, -0.3000691317280141;
 0.3974680238816279, 0.1378403687800941, 0.9072040579308501]

m_transMatrix10£º
[-85.773483;
 -67.033913;
 567.39862]

m_two_pos_rotations0£º
[1, 0, 0;
 0, 1, 0;
 0, 0, 1]

m_two_pos_translations0£º
[0;
 0;
 0]

m_two_pos_rotations1£º
[0.995771449006282, -0.07575728380714467, 0.05196205629200236;
 0.09059405955767516, 0.9035780156182813, -0.4187355801268737;
 -0.01522950152795199, 0.4216723889958801, 0.9066203497835891]

m_two_pos_translations1£º
[-43.16851;
 249.38487;
 109.12776]

m_two_pos_rotations2£º
[0.8355300202584117, 0.5444963103490622, 0.07357549363229485;
 -0.4351818287207903, 0.7375597298088175, -0.5163549369528415;
 -0.3354196792053307, 0.3994113330648016, 0.8532081960583777]

m_two_pos_translations2£º
[-57.113033;
 271.18451;
 154.3662]

m_two_pos_rotations3£º
[0.1273352202754324, 0.9904055250528832, -0.0536902004292204;
 -0.7766635219048807, 0.06589409359879221, -0.6264596891828718;
 -0.6169112702972073, 0.1214696026729172, 0.777602482124877]

m_two_pos_translations3£º
[-5.3733425;
 345.01874;
 230.25813]

m_two_pos_rotations4£º
[0.9118131018027871, -0.3973667216526063, -0.103424155320894;
 0.3897765682487085, 0.7584464896368863, 0.5223343270375252;
 -0.1291165915947296, -0.5165835952491568, 0.8464456833692373]

m_two_pos_translations4£º
[37.360992;
 -297.50198;
 233.76495]

m_two_pos_rotations5£º
[0.9905800683952695, 0.1368839617464136, 0.003729492543191139;
 -0.1255959332921364, 0.8973668010316083, 0.4230348519292177;
 0.05455996369592409, -0.4195183016542954, 0.9061057360698006]

m_two_pos_translations5£º
[-18.917927;
 -219.65352;
 235.6259]

m_two_pos_rotations6£º
[0.9720647362826552, -0.1489918205639327, -0.1813603757185593;
 0.2129091203191994, 0.8849588274010739, 0.4141468100683874;
 0.09879197822008012, -0.4411907877664278, 0.8919589866296556]

m_two_pos_translations6£º
[101.08582;
 -230.4191;
 167.52594]

m_two_pos_rotations7£º
[-0.02236246841392735, -0.9910547315430529, -0.1315691418705912;
 0.939654998969508, 0.02410364971585894, -0.3412733464277415;
 0.3413918612358095, -0.131261316298835, 0.9307105156413819]

m_two_pos_translations7£º
[61.02103;
 239.43245;
 83.836937]

m_two_pos_rotations8£º
[0.582835995480488, -0.7927082821583226, -0.1786498860057567;
 0.7655745499611474, 0.6093768274745385, -0.2062898218256375;
 0.2723927510490235, -0.01653667241822948, 0.9620440362276963]

m_two_pos_translations8£º
[102.49616;
 141.47426;
 58.47356]

m_two_pos_rotations9£º
[0.9500090386981286, 0.3122209678042774, -0.0009453333899338192;
 -0.3120717930091141, 0.9496404641750102, 0.02818128473912796;
 0.009696514834435326, -0.02647746333830917, 0.9996023817174677]

m_two_pos_translations9£º
[1.3545709;
 -13.027153;
 50.570747]

m_two_pos_rotations10£º
[0.9649731443413837, -0.2350489827617659, -0.1165281356692974;
 0.202011302988969, 0.9491157910260432, -0.2416001835465101;
 0.1673865710402184, 0.2095976882689011, 0.9633538004843966]

m_two_pos_translations10£º
[67.708275;
 136.97942;
 67.527756]

m_r_transformMatrix£º
[1, 2.639596087170287e-15, -5.867237795341199e-15;
 -2.639596087170287e-15, 1, 1.226616564165153e-14;
 5.867237795341199e-15, -1.226616564165153e-14, 1]

m_t_transformMatrix£º
[3.590347326516842e-12;
 -7.879180081313156e-12;
 1.27622988875503e-12]

