m_k£º
[4404.71435546875, 0, 1150.05712890625;
 0, 4403.732421875, 1058.179321289063;
 0, 0, 1]

m_discoeff£º
[-0.03178317531704342, 0.2896075224979907, -0.0003672791338999341, 0.0006755958848690519, -1.757810318281207]

m_conner_group_num£º
11

m_rotMatrix0£º
[0.9557207984813534, -0.2556812782936482, 0.1456874712536747;
 0.2618672763930518, 0.9647886238127569, -0.0246665951434631;
 -0.1342508283201609, 0.0617251593081177, 0.9890231138875057]

m_transMatrix0£º
[-91.010109;
 -53.09016;
 578.74133]

m_rotMatrix1£º
[0.9680950294178454, -0.184470716492611, 0.1695953088182679;
 0.2426050266060369, 0.8594095336537768, -0.4500645004113099;
 -0.06272810440261256, 0.4768498801737299, 0.8767436208472545]

m_transMatrix1£º
[-88.178154;
 -37.636543;
 617.97363]

m_rotMatrix2£º
[0.8746417186157313, 0.4386752897954241, 0.2063149393035336;
 -0.3176077794492255, 0.8400802540219554, -0.4397618278520079;
 -0.3662337538925817, 0.3191068111546785, 0.8740959218440733]

m_transMatrix2£º
[-88.50779;
 -4.9894385;
 671.85956]

m_rotMatrix3£º
[0.2125920281846975, 0.9558926014971557, 0.2026671259857321;
 -0.839196938415539, 0.2848573651835898, -0.4632545521143305;
 -0.5005528224935933, -0.07159340684492346, 0.8627405496382062]

m_transMatrix3£º
[-31.807384;
 80.897713;
 735.12524]

m_rotMatrix4£º
[0.6650113041388659, -0.7461003358247869, 0.03307951404820092;
 0.6696104755524428, 0.6152785573036669, 0.4159977258985316;
 -0.3307291586751255, -0.2544928010857254, 0.9087637964826643]

m_transMatrix4£º
[-15.922321;
 -91.963661;
 755.34705]

m_rotMatrix5£º
[0.9571208496749826, -0.267647494554926, 0.1108354536053795;
 0.1996565672614793, 0.8866847496447242, 0.4170460524892126;
 -0.2098974374946053, -0.3770344459143535, 0.9021020409727797]

m_transMatrix5£º
[-45.69907;
 -21.729448;
 776.17731]

m_rotMatrix6£º
[0.8466290532349672, -0.5292055203633655, -0.05622066733330956;
 0.5145553160522659, 0.7870398512379237, 0.3402956057396858;
 -0.1358384074583324, -0.3170327897557703, 0.9386363178989281]

m_transMatrix6£º
[-38.047607;
 -72.391716;
 689.34564]

m_rotMatrix7£º
[-0.1297676643189172, -0.971627394970856, 0.1977386119081471;
 0.8291215649820234, -0.2157029700943732, -0.5157806308637676;
 0.5437993966335131, 0.09701769959452722, 0.8335884969134426]

m_transMatrix7£º
[55.633522;
 -46.424202;
 545.09698]

m_rotMatrix8£º
[0.4386823010463997, -0.8972195972478393, 0.05054535649355893;
 0.8440329944965582, 0.3920634124050122, -0.3659160899092991;
 0.3084901018668329, 0.2031828609104672, 0.929274223296024]

m_transMatrix8£º
[-1.6141255;
 -83.792465;
 558.33105]

m_rotMatrix9£º
[0.9885118257242193, 0.0311119439176827, 0.1479067860141436;
 -0.04098685803951234, 0.997095522339338, 0.06419187486661916;
 -0.1454800600474841, -0.06951666186250456, 0.9869158960377904]

m_transMatrix9£º
[-84.028198;
 -14.932232;
 630.97449]

m_rotMatrix10£º
[0.9143923545277791, -0.4037118771499303, 0.03005565220094163;
 0.3935120547312804, 0.868945480879831, -0.3001366589400318;
 0.09505201082728447, 0.2862699277021579, 0.9534225945146733]

m_transMatrix10£º
[-65.464729;
 -66.898003;
 590.461]

m_two_pos_rotations0£º
[1, 0, 0;
 0, 1, 0;
 0, 0, 1]

m_two_pos_translations0£º
[0;
 0;
 0]

m_two_pos_rotations1£º
[0.9971421569855967, 0.07111226485728235, 0.02550616688135101;
 -0.05359616410977873, 0.9038102327154153, -0.4245639108916636;
 -0.05324443590488369, 0.4219835411787698, 0.9050386295730123]

m_two_pos_translations1£º
[-8.4185448;
 251.1855;
 111.24553]

m_two_pos_rotations2£º
[0.7539193734650151, 0.6470935653289768, 0.1134702429007366;
 -0.582628404299138, 0.7383690576902017, -0.339639922785181;
 -0.3035617248896164, 0.189950131233218, 0.9336858287596123]

m_two_pos_translations2£º
[-51.225437;
 177.77515;
 113.5801]

m_two_pos_rotations3£º
[-0.01176629687362379, 0.9727293102951331, 0.2316446484394505;
 -0.9424636379161855, 0.06661516468523986, -0.3276045039979573;
 -0.3341015496277606, -0.2221713499232367, 0.9159781906844813]

m_two_pos_translations3£º
[-115.28763;
 188.26483;
 162.29149]

m_two_pos_rotations4£º
[0.8311513184000877, -0.5464019213134785, -0.1031136572270383;
 0.5432433104919621, 0.7583654725659951, 0.3602339734471037;
 -0.1186346978228951, -0.3554247464720122, 0.9271456509458351]

m_two_pos_translations4£º
[90.342827;
 -210.7114;
 188.43828]

m_two_pos_rotations5£º
[0.9993293934843603, -0.01041852071558301, -0.0351029591954793;
 0.02484824117822516, 0.8970964732513056, 0.4411354469892647;
 0.02689476210211334, -0.4417118654803927, 0.896753756426647]

m_two_pos_translations5£º
[64.969223;
 -227.13797;
 235.48677]

m_two_pos_rotations6£º
[0.9362662684839173, -0.2874205816002947, -0.201977433818112;
 0.3401604454250995, 0.8853510352606482, 0.3169296700075532;
 0.08772882005019411, -0.3654352933631987, 0.9266934231433575]

m_two_pos_translations6£º
[148.75061;
 -177.82942;
 141.0106]

m_two_pos_rotations7£º
[0.1534851473025008, -0.9761458697333915, 0.1535628554044582;
 0.7722762939713482, 0.02154658643804409, -0.634921310386372;
 0.6164670594017245, 0.2160439437135621, 0.7571613956464512]

m_two_pos_translations7£º
[-71.132637;
 392.44455;
 173.76045]

m_two_pos_rotations8£º
[0.6559878437766551, -0.7520172415691925, -0.06442062713073823;
 0.6526157046256319, 0.6080101323474688, -0.452124342453272;
 0.3791736948856617, 0.254546159557508, 0.8896255177102773]

m_two_pos_translations8£º
[55.431175;
 269.57422;
 90.696678]

m_two_pos_rotations9£º
[0.9583922965822527, 0.2851136210451685, 0.01394377804999519;
 -0.2843665560220168, 0.9493398004014324, 0.1337520287320745;
 0.02489714176311487, -0.1321520581310809, 0.9909167300352471]

m_two_pos_translations9£º
[10.237515;
 -67.799805;
 52.365479]

m_two_pos_rotations10£º
[0.9812613775383767, -0.1510543096345021, -0.1196189972050064;
 0.1099054164093599, 0.9487057716506324, -0.2964425041735131;
 0.1582621508617034, 0.2777408043079412, 0.9475300191693166]

m_two_pos_translations10£º
[85.054634;
 165.05968;
 70.56546]

m_r_transformMatrix£º
[0.9420357590239713, -0.01285592811958716, 0.3352660940690459;
 0.01219433965742915, 0.999917328803012, 0.00407843594633563;
 -0.3352908092991062, 0.0002463161243606011, 0.942114649354269]

m_t_transformMatrix£º
[-175.7600206568023;
 -1.128551676635506;
 27.22570963616863]

